---

book_type: paperback
paper_size: 125mmx188mm
body_line_count: 23
width: 354.33075
height: 532.913448
left_margin: 56.69292
right_margin: 56.69292
top_margin: 39.68504
bottom_margin: 70.86615
binding_margin: 8.50393

